$rem
    jobtype sp
    frozen_scan true
    method PBE0
    dft_d   d3
    basis   pc-2
    sym_ignore  true
$end

$scan
    tors 29 30 35 36  -180.0  180.0  10.0
    48
    46
    41
    35
    36
    38
    40
    42
    44
    39
    47
    37
    43
    45
$end

$molecule
0 1
C         -2.81010        1.66190       -1.10900
H         -2.20320        2.38800       -1.63060
H         -3.72700        2.16710       -0.81440
N         -2.12650        1.18950        0.07500
C         -2.87020        0.15970        0.76020
H         -3.77170        0.60710        1.17300
H         -2.29680       -0.22090        1.59300
C         -3.27630       -1.01600       -0.13550
H         -2.43140       -1.59260       -0.48050
H         -3.96320       -1.67810        0.37390
N         -3.97280       -0.51120       -1.37140
H         -4.82150       -0.05500       -1.06990
C         -4.37380       -1.62490       -2.27990
H         -4.91880       -1.21570       -3.11720
H         -4.99770       -2.31600       -1.73360
H         -3.48300       -2.12590       -2.62690
C         -3.14120        0.52670       -2.07650
H         -3.70930        0.87330       -2.92890
H         -2.24720        0.02650       -2.42300
C         -0.70700        1.13370        0.02240
C          0.00000        0.00000        0.00000
H         -0.40660       -0.98590        0.00540
N          1.38270        0.00000        0.00000
C          2.11020        1.16060        0.00000
C          1.35500        2.39310        0.01920
H          1.92930        3.29770        0.04230
C          0.01810        2.38450        0.03790
H         -0.53520        3.30420        0.08870
N          3.39830        1.19340       -0.00470
C          4.07600        0.01560       -0.01450
C          3.44610       -1.19120       -0.05820
H          3.97390       -2.11920       -0.13430
C          2.02450       -1.27430       -0.04330
O          1.34110       -2.26350       -0.07630
C          5.55030        0.14340        0.01040
C          6.17430        1.33060       -0.52300
H          5.57200        2.11630       -0.93090
C          7.50620        1.44420       -0.50670
F          8.11710        2.50270       -0.99420
C          8.32970        0.41730        0.04960
N          7.67870       -0.68070        0.56120
C          6.32190       -0.82370        0.54660
H          5.93960       -1.71620        0.99840
C          8.66700       -1.50940        1.04690
H          8.44730       -2.44810        1.50660
C          9.82930       -0.86180        0.79290
H         10.81960       -1.19470        1.02420
N          9.61550        0.33160        0.17560
$end
